[[[ 0.15623921 -0.90590114  0.30182852]
  [ 0.22691696  0.4599378  -0.07894554]]

 [[ 0.30154202 -0.80160075 -0.12552195]
  [ 0.31031191 -0.23001202  0.55214213]]

 [[-0.11687938 -0.84002555 -0.04963035]
  [-0.33885254  0.77184155 -0.37788736]]

 [[-0.05093831 -0.75460433 -0.60517704]
  [ 0.06911481 -0.20698184 -0.06998526]]

 [[-0.55694959 -0.72294823 -0.04116161]
  [-0.54513337  1.16814573 -0.47220153]]

 [[-0.04006972 -0.70033946 -0.00887786]
  [-0.01980797 -0.00347912  0.00156349]]]
0.023180996741668642
