[[[-0.05489472 -0.25731468  0.00564814]
  [ 0.08003596  0.34627305  0.00107764]]

 [[ 0.00536165 -0.37689195  0.00897394]
  [-0.00261316 -0.18373399  0.04194803]]

 [[ 0.01761651 -0.26519907  0.03658173]
  [ 0.04532229  0.26974459  0.01175597]]

 [[ 0.03527377 -0.39003253  0.00403064]
  [ 0.00626012 -0.15473165  0.02060992]]

 [[ 0.05225809 -0.28448455  0.01895262]
  [ 0.02503558  0.19226765  0.02710033]]

 [[ 0.0200445  -0.37812533  0.00760699]
  [-0.00327674 -0.05712198  0.02566237]]

 [[ 0.02878775 -0.25497216  0.00850707]
  [ 0.02276354  0.11220059  0.00799178]]

 [[-0.00468237 -0.36185422  0.0105866 ]
  [ 0.00111043 -0.13487461  0.03442901]]

 [[-0.00045585 -0.26734001 -0.03517589]
  [ 0.01364241  0.10784789 -0.00410251]]

 [[-0.02650304 -0.37343562  0.00066517]
  [ 0.00302472 -0.00634322 -0.00362741]]]
-0.04901776534554493
